0.017 0.07 0.117 0.133 0.157 0.191 0.211 0.265 0.295 0.328 0.37 0.404
0.446 0.468 0.487 0.526 0.56 0.621 0.666 0.747 0.816 0.862 0.888 0.924
0.991 1.052 1.092 1.142 1.194 1.239 1.288 1.34 1.413 1.44 1.485 1.584
1.595 1.625 1.644 1.661 1.687 1.729 1.75 1.778 1.817 1.835 1.885 1.895
1.91 1.948 1.97 1.986 2.012 2.042 2.075 2.109 2.125 2.137 2.154 2.164
2.203 2.227 2.243 2.254 2.294 2.33 2.358 2.373 2.404 2.414 2.429 2.441
2.453 2.464 2.477 2.495 2.512 2.537 2.554 2.589 2.614 2.63 2.649 2.665
2.672 2.686 2.709 2.718 2.77 2.809 2.823 2.858 2.87 2.89 2.911 2.944
2.959 2.983 3.021 3.035 3.053 3.073 3.116 3.22 3.263 3.289 3.337 3.37
3.436 3.477 3.509 3.586 3.656 3.7 3.767 3.788 3.863 3.926 3.985 4.006
4.071 4.101 4.159 4.194 4.278 4.305 4.347 4.421 4.464 4.505 4.565 4.615
4.674 4.701 4.729 4.794 4.86 4.931 4.957 5.014 5.085 5.197 5.216 5.273
5.31 5.362 5.414 5.438 5.478 5.499 5.544 5.582 5.613 5.659 5.726 5.744
5.775 5.794 5.835 5.869 5.893 5.941 5.964
